
0.172116820709
0.249561739325
0.247871027813
0.257814915716
0.264589981069
0.26160709499
0.26337550637
0.267155412737
0.262528915915
0.254626370653
0.262628711292
0.261237752674
0.264579084303
0.262039262276
0.257148391363
0.263090368768
0.263664488533
0.259701491797
0.261870445024
0.261445779046
0.259933958878
0.255135629524
0.266957302402
0.264696061135
0.259805824068
0.26449068041
0.265864981124
0.261163576054
0.262194824201
0.263244990551
0.264463768325
0.265632413853
0.267883995439
0.262569913611
0.268473035964
0.263699201283
0.264738120566
0.263528750541
0.262725882237
0.264083496096
0.265088881651
0.26454480418
0.266248728158
0.266232495695
0.262902981728
0.263825111879
0.267979502824
0.263480244293
0.265339677738
0.263438306624
0.260801688687
0.266234765603
0.260190864353
0.263007079694
0.266269454752
0.260568081159
0.263957806885
0.262906435577
0.25969325333
0.261173764858
0.262871196666
0.262114270895
0.263359541368
0.265895954123
0.259801967101
0.256456361464
0.264378826688
0.25675288297