
0.149442481721
0.233673762118
0.252827263709
0.27149051572
0.268620670982
0.276526580021
0.28616077878
0.271554310042
0.297174292289
0.282871240596
0.285890002301
0.280024687867
0.288231402798
0.263767890408
0.281053790275
0.277785888717
0.287474378931
0.277937561596
0.280769132518
0.284063378139
0.285798335519
0.29168774318
0.280015613445
0.273409903782
0.281052881818
0.247920708999
0.279088844316
0.280166325682
0.271878956707
0.286546347695
0.268691493508
0.273817113631
0.265729295357
0.281327363703
0.283018797759
0.286294154609
0.294951135305
0.288883939717
0.286149274173