
hidden layers: [99, 59, 45, 62] fitness: 0.27094496791205336
hidden layers: [59, 57, 50, 67, 90, 55, 91] fitness: 0.28987977479457727
hidden layers: [59, 100, 50, 67, 90, 55, 91] fitness: 0.28885954706154887
hidden layers: [100, 100, 50, 90, 80, 100] fitness: 0.29649692547906953
hidden layers: [100, 100, 50, 90, 80, 100] fitness: 0.29887296595063334
hidden layers: [100, 100, 100, 90, 94, 100, 48] fitness: 0.3021992968787228
hidden layers: [100, 100, 50, 90, 80, 56, 80] fitness: 0.30331648334392153
hidden layers: [100, 100, 50, 40, 100, 100, 80] fitness: 0.29857472789192074
hidden layers: [100, 100, 50, 40, 100, 100, 80] fitness: 0.3028052259323465
hidden layers: [92, 100, 100, 47, 55, 100] fitness: 0.2984710960340149
hidden layers: [92, 100, 100, 47, 55, 100] fitness: 0.3045409877117634
hidden layers: [92, 100, 100, 90, 55, 91, 80] fitness: 0.31303364656330823
hidden layers: [92, 100, 100, 100, 39, 98, 80] fitness: 0.2926091806075485
hidden layers: [92, 100, 100, 100, 39, 98, 80] fitness: 0.28823374470773844
hidden layers: [92, 100, 100, 100, 39, 98, 80] fitness: 0.3082640412101002
hidden layers: [100, 100, 66, 33, 53, 100, 100, 88] fitness: 0.2999190372442543
hidden layers: [100, 100, 100, 33, 53, 100, 100, 88] fitness: 0.29967194252720386
hidden layers: [100, 100, 49, 59, 100, 98, 100] fitness: 0.29869297394485617
hidden layers: [100, 100, 100, 59, 100, 98, 100] fitness: 0.306386205682316
hidden layers: [93, 100, 81, 100, 100, 98, 63, 100] fitness: 0.3118449117804581
hidden layers: [93, 100, 81, 100, 100, 98, 63, 100] fitness: 0.3118449117804581
hidden layers: [93, 100, 81, 100, 100, 98, 63, 100] fitness: 0.3118449117804581
hidden layers: [100, 100, 81, 100, 76, 98, 100] fitness: 0.3200651376340106
hidden layers: [100, 100, 49, 75, 100, 98, 100] fitness: 0.32326072954478696
hidden layers: [100, 100, 100, 100, 100, 100] fitness: 0.3113847736875916
hidden layers: [93, 63, 81, 100, 74, 100] fitness: 0.30644375481750696
hidden layers: [100, 100, 100, 79, 98, 100] fitness: 0.3008231461426732
hidden layers: [100, 100, 100, 79, 98, 100] fitness: 0.30873137070979334
hidden layers: [100, 100, 41, 100, 79, 98, 100] fitness: 0.2947428601993737
hidden layers: [71, 100, 100, 79, 98, 100] fitness: 0.30500997835901
hidden layers: [100, 100, 100, 100, 79, 98, 100] fitness: 0.2932712063167863
hidden layers: [100, 100, 100, 100, 79, 98, 100] fitness: 0.3080732282179802
hidden layers: [100, 100, 90, 100, 100, 100, 66] fitness: 0.3128588314269978
hidden layers: [100, 100, 90, 100, 100, 100, 66] fitness: 0.3128588314269978
hidden layers: [100, 100, 90, 100, 100, 100, 66] fitness: 0.3128588314269978
hidden layers: [100, 84, 100, 100, 100, 98, 100] fitness: 0.3228331533055028
hidden layers: [100, 84, 100, 100, 100, 98, 100] fitness: 0.3228331533055028
hidden layers: [100, 84, 100, 100, 100, 98, 100] fitness: 0.3228331533055028
hidden layers: [100, 84, 100, 100, 100, 98, 100] fitness: 0.3228331533055028